	01NS	02PL	03SS	04PL	05PL	06VA	07NS	08SS	09NS	10NS	11PL	12NS	13PL	14VA	15SS	16SS	17VA	18VA	19SS	20VA	21SS	22SS	23PL	24VA	25PL	26NS	27PL	28NS	29SS	30PL	31NS	32SS	33NS	34NS	35VA	36VA	37PL	38SS	39VA	40VA
1985	0,680	0,657	0,670	0,624	0,506	0,680	0,645	0,670	0,668	0,642	0,599	0,697	0,702	0,696	0,706	0,673	0,658	0,684	0,710	0,665	0,741	0,728	0,788	0,774	0,754	0,738	0,720	0,738	0,766	0,731	0,776	0,771	0,704	0,740	0,723	0,741	0,747	0,759	0,723	0,783
1986	0,690	0,658	0,678	0,602	0,542	0,649	0,629	0,677	0,696	0,666	0,593	0,666	0,711	0,696	0,703	0,658	0,641	0,674	0,684	0,675	0,758	0,776	0,787	0,762	0,691	0,743	0,677	0,648	0,758	0,694	0,726	0,783	0,708	0,709	0,710	0,731	0,753	0,755	0,737	0,763
1987	0,693	0,681	0,699	0,634	0,633	0,649	0,658	0,699	0,732	0,664	0,596	0,689	0,692	0,735	0,701	0,686	0,670	0,687	0,708	0,720	0,763	0,771	0,795	0,787	0,793	0,769	0,751	0,743	0,784	0,743	0,785	0,787	0,755	0,796	0,751	0,795	0,774	0,788	0,762	0,817
1988	0,719	0,698	0,726	0,659	0,678	0,697	0,675	0,716	0,679	0,697	0,633	0,730	0,745	0,750	0,738	0,679	0,703	0,686	0,736	0,726	0,760	0,755	0,754	0,736	0,742	0,758	0,711	0,715	0,782	0,734	0,753	0,783	0,753	0,733	0,739	0,658	0,776	0,767	0,710	0,769
1989	0,679	0,642	0,676	0,570	0,555	0,617	0,529	0,648	0,586	0,559	0,571	0,650	0,577	0,676	0,667	0,616	0,650	0,642	0,626	0,669	0,700	0,712	0,699	0,722	0,725	0,718	0,746	0,725	0,784	0,702	0,753	0,773	0,707	0,752	0,704	0,735	0,753	0,747	0,736	0,747
1990	0,677	0,635	0,668	0,617	0,619	0,655	0,606	0,648	0,457	0,582	0,585	0,691	0,660	0,695	0,678	0,644	0,659	0,665	0,691	0,688	0,681	0,740	0,771	0,792	0,749	0,688	0,764	0,699	0,752	0,628	0,776	0,801	0,752	0,671	0,638	0,701	0,757	0,685	0,756	0,775
1991	0,731	0,679	0,671	0,606	0,645	0,655	0,638	0,707	0,644	0,607	0,613	0,676	0,664	0,686	0,693	0,655	0,651	0,681	0,693	0,698	0,719	0,733	0,768	0,748	0,778	0,747	0,690	0,760	0,801	0,747	0,766	0,728	0,653	0,784	0,746	0,786	0,778	0,782	0,644	0,778
1992	0,674	0,647	0,678	0,616	0,644	0,648	0,632	0,657	0,560	0,617	0,582	0,680	0,654	0,702	0,677	0,662	0,649	0,655	0,709	0,696	0,703	0,696	0,748	0,721	0,695	0,673	0,697	0,662	0,742	0,685	0,728	0,717	0,688	0,707	0,693	0,709	0,701	0,696	0,718	0,711
1993	0,710	0,689	0,707	0,650	0,681	0,689	0,695	0,665	0,639	0,659	0,630	0,697	0,720	0,719	0,695	0,662	0,688	0,700	0,720	0,696	0,752	0,769	0,745	0,739	0,758	0,752	0,727	0,722	0,789	0,744	0,830	0,787	0,729	0,751	0,745	0,770	0,768	0,771	0,751	0,790
1994	0,666	0,635	0,663	0,598	0,632	0,654	0,623	0,639	0,548	0,624	0,589	0,678	0,658	0,676	0,667	0,637	0,627	0,636	0,694	0,657	0,700	0,739	0,771	0,725	0,705	0,692	0,711	0,678	0,758	0,689	0,723	0,741	0,680	0,695	0,674	0,715	0,708	0,711	0,719	0,724
1995	0,669	0,643	0,688	0,629	0,662	0,665	0,646	0,696	0,505	0,653	0,631	0,698	0,692	0,688	0,691	0,656	0,655	0,666	0,709	0,647	0,728	0,726	0,741	0,693	0,661	0,644	0,718	0,654	0,767	0,726	0,754	0,701	0,709	0,752	0,689	0,707	0,684	0,709	0,686	0,736
1996	0,722	0,686	0,705	0,650	0,658	0,687	0,686	0,711	0,573	0,664	0,638	0,733	0,710	0,740	0,724	0,694	0,695	0,697	0,732	0,686	0,697	0,651	0,698	0,748	0,745	0,732	0,694	0,691	0,748	0,699	0,750	0,749	0,740	0,722	0,703	0,762	0,742	0,732	0,715	0,765
1997	0,689	0,679	0,726	0,643	0,657	0,661	0,643	0,715	0,610	0,727	0,629	0,735	0,672	0,735	0,723	0,690	0,680	0,707	0,747	0,700	0,782	0,780	0,777	0,770	0,780	0,782	0,779	0,788	0,750	0,790	0,762	0,767	0,696	0,682	0,668	0,703	0,767	0,735	0,777	0,755
1998	0,707	0,673	0,699	0,601	0,664	0,651	0,655	0,709	0,594	0,658	0,607	0,718	0,717	0,718	0,721	0,667	0,671	0,685	0,715	0,716	0,770	0,759	0,767	0,802	0,778	0,782	0,754	0,764	0,741	0,757	0,788	0,783	0,751	0,776	0,776	0,684	0,782	0,774	0,772	0,798
1999	0,749	0,733	0,748	0,698	0,720	0,730	0,715	0,743	0,483	0,704	0,666	0,748	0,742	0,767	0,752	0,734	0,717	0,722	0,767	0,754	0,756	0,746	0,751	0,772	0,760	0,795	0,725	0,799	0,794	0,775	0,766	0,794	0,803	0,803	0,658	0,759	0,797	0,801	0,751	0,779
2000	0,736	0,721	0,742	0,669	0,712	0,726	0,690	0,733	0,720	0,703	0,651	0,748	0,740	0,761	0,752	0,716	0,707	0,720	0,762	0,750	0,761	0,568	0,575	0,808	0,565	0,762	0,787	0,730	0,807	0,743	0,773	0,808	0,768	0,779	0,747	0,786	0,787	0,769	0,773	0,842
2001	0,728	0,723	0,748	0,674	0,693	0,695	0,711	0,721	0,620	0,691	0,656	0,740	0,738	0,755	0,732	0,718	0,699	0,730	0,761	0,747	0,739	0,755	0,755	0,746	0,755	0,737	0,756	0,711	0,784	0,724	0,746	0,752	0,774	0,756	0,760	0,787	0,760	0,679	0,779	0,773
2002	0,762	0,740	0,761	0,707	0,751	0,750	0,725	0,754	0,609	0,729	0,697	0,766	0,765	0,782	0,779	0,749	0,734	0,769	0,784	0,772	0,722	0,746	0,765	0,741	0,760	0,740	0,738	0,708	0,782	0,720	0,783	0,715	0,713	0,752	0,729	0,752	0,737	0,773	0,748	0,800
2003	0,735	0,699	0,740	0,633	0,679	0,710	0,686	0,738	0,489	0,691	0,611	0,734	0,739	0,762	0,742	0,723	0,706	0,745	0,762	0,747	0,732	0,728	0,727	0,733	0,743	0,734	0,747	0,704	0,776	0,728	0,757	0,755	0,711	0,742	0,734	0,759	0,749	0,759	0,750	0,778
2004	0,696	0,702	0,692	0,619	0,649	0,684	0,667	0,651	0,581	0,657	0,602	0,691	0,721	0,728	0,658	0,656	0,676	0,697	0,720	0,721	0,743	0,731	0,781	0,766	0,733	0,735	0,773	0,713	0,756	0,728	0,783	0,767	0,738	0,756	0,763	0,805	0,763	0,703	0,783	0,758
2005	0,722	0,715	0,735	0,691	0,712	0,748	0,717	0,736	0,595	0,710	0,688	0,745	0,763	0,756	0,770	0,730	0,730	0,739	0,772	0,754	0,760	0,740	0,754	0,765	0,747	0,731	0,753	0,719	0,792	0,752	0,790	0,777	0,744	0,754	0,743	0,763	0,780	0,758	0,763	0,810
2006	0,711	0,685	0,732	0,669	0,678	0,704	0,673	0,729	0,678	0,694	0,629	0,736	0,723	0,754	0,734	0,702	0,700	0,741	0,733	0,740	0,691	0,670	0,690	0,707	0,732	0,660	0,713	0,654	0,710	0,660	0,738	0,724	0,692	0,704	0,654	0,695	0,720	0,706	0,682	0,749
2007	0,762	0,746	0,746	0,689	0,723	0,747	0,716	0,739	0,643	0,712	0,648	0,747	0,722	0,760	0,768	0,747	0,733	0,739	0,769	0,749	0,716	0,687	0,736	0,742	0,571	0,587	0,626	0,683	0,786	0,693	0,726	0,753	0,723	0,728	0,729	0,774	0,757	0,716	0,719	0,733
2008	0,696	0,691	0,759	0,681	0,718	0,752	0,683	0,758	0,653	0,764	0,653	0,791	0,755	0,726	0,795	0,754	0,713	0,740	0,760	0,792	0,674	0,682	0,727	0,744	0,687	0,714	0,790	0,684	0,793	0,721	0,700	0,738	0,756	0,750	0,778	0,771	0,792	0,749	0,796	0,786
2009	0,748	0,723	0,750	0,688	0,725	0,735	0,723	0,728	0,589	0,724	0,675	0,762	0,741	0,770	0,758	0,734	0,716	0,734	0,759	0,752	0,745	0,720	0,729	0,755	0,720	0,733	0,765	0,679	0,782	0,748	0,775	0,768	0,744	0,752	0,715	0,738	0,751	0,742	0,745	0,771
2010	0,735	0,723	0,745	0,683	0,713	0,723	0,702	0,719	0,698	0,710	0,672	0,756	0,734	0,762	0,740	0,733	0,708	0,735	0,762	0,767	0,714	0,666	0,689	0,758	0,694	0,735	0,736	0,666	0,770	0,697	0,757	0,759	0,695	0,731	0,736	0,726	0,765	0,746	0,754	0,787
2011	0,758	0,743	0,739	0,682	0,709	0,726	0,709	0,763	0,622	0,715	0,679	0,731	0,744	0,756	0,749	0,719	0,714	0,727	0,746	0,779	0,667	0,681	0,707	0,694	0,662	0,686	0,722	0,657	0,683	0,699	0,720	0,701	0,702	0,708	0,708	0,697	0,705	0,696	0,698	0,755
2012	0,757	0,751	0,760	0,740	0,760	0,773	0,753	0,759	0,607	0,761	0,693	0,789	0,739	0,790	0,775	0,759	0,765	0,769	0,760	0,757	0,785	0,792	0,765	0,794	0,755	0,763	0,788	0,767	0,810	0,757	0,826	0,805	0,787	0,773	0,775	0,796	0,808	0,803	0,763	0,825
2013	0,829	0,807	0,815	0,751	0,798	0,814	0,794	0,792	0,678	0,795	0,732	0,806	0,813	0,808	0,837	0,784	0,784	0,780	0,829	0,816	0,780	0,762	0,790	0,806	0,789	0,795	0,821	0,780	0,816	0,789	0,820	0,823	0,805	0,809	0,793	0,807	0,823	0,800	0,819	0,851
2014	0,765	0,755	0,774	0,725	0,759	0,754	0,748	0,768	0,734	0,758	0,731	0,774	0,789	0,822	0,804	0,762	0,752	0,760	0,795	0,785	0,746	0,772	0,449	0,781	0,727	0,755	0,773	0,829	0,734	0,780	0,802	0,756	0,732	0,755	0,726	0,717	0,759	0,756	0,770	0,804
2015	0,792	0,778	0,780	0,741	0,781	0,809	0,773	0,782	0,690	0,768	0,712	0,813	0,804	0,787	0,784	0,761	0,765	0,764	0,796	0,813	0,815	0,778	0,753	0,820	0,778	0,780	0,806	0,725	0,803	0,753	0,842	0,788	0,815	0,810	0,749	0,816	0,824	0,805	0,807	0,847
2016	0,798	0,793	0,808	0,749	0,790	0,811	0,788	0,803	0,680	0,790	0,738	0,813	0,822	0,824	0,826	0,801	0,802	0,810	0,831	0,829	0,838	0,847	0,832	0,837	0,832	0,809	0,834	0,791	0,842	0,820	0,867	0,825	0,837	0,849	0,832	0,848	0,834	0,837	0,850	0,888
2017	0,790	0,777	0,788	0,732	0,753	0,787	0,744	0,785	0,701	0,776	0,720	0,803	0,803	0,799	0,794	0,782	0,771	0,789	0,816	0,826	0,820	0,832	0,770	0,822	0,814	0,843	0,831	0,778	0,844	0,817	0,862	0,813	0,833	0,807	0,824	0,852	0,838	0,825	0,846	0,879
